instruction
01000000100000000000000000000000
01000001100000000000000000000000
01000000010000000000000000000000
01000001010000000000000000000000
01000000110000000000010101111110
01000000001000000000100000000000
01100001110011101100110000000000
01000101100000011100000000000000
01000001110000000000000000000000
00000100000001000000000000000000
01000001110000000000100000000000
01000000100100000000001111000000
01000001100100000000000110000000
01000000010100000000011101101000
01000001010100000000100001110000
01101001010110010101001000000000
01000000110100000000110001010100
01101000110110001101111000000000
01000001110100000000111100000000
01101001110110011101011100000000
01000001110100011101111001100100
01101001110110011101111000000000
01000000001100000000111110000000
01000001001100000000011110000000
01000000101100000000001110000000
01000001011100000000000000000000
01010100111100000000000000000000
00001001111100001111101110000010
01000001011100001111000000000000
01100101001000111111111010000000
00001001111100011111011010000010
01000000110000001100100000000000
01100001110011101100110000000000
01000101100000011100000000000000
01000001110000000000000000000000
00000100000001000000000000000000
01000001110000000000100000000000
00000100000000011111111111111111
01100100010000111111011010000000
00001001111100011111011010000010
01000001010000010100100000000000
00000100000010111111111111111111
01100100010000111111101010000000
00001001111100011111101010000010
01000000010000000100100000000000
00000100000010111111111111111111
01100100010000111111010010000000
00001001111100011111010010000010
01000001100000011000100000000000
00000100000010111111111111111111
00000000100000001000111110000000
01000001111100000000000000000000
01010100111100000000000000000000
00001001111100001111101110000010
01000001011100001111000000000000
01000101011100011111000001111111
01000001111100011111111111111111
00000100000010000000000000000000
01000000100000001000100000000000
00100100011110001000010011111111
01000000100000000000000000000000
01000001100000011000100000000000
00100101001110011000010011111111
01000001100000000000000000000000
01000000010000000100100000000000
00100100110110000100110011111111
01000000010000000000000000000000
01000001010000010100100000000000
00000100000000110000000000000000
00000000101000000101111000000000
00100101000110010100010101111111
01000001010000000000100000000000
01000000001000000000100000000000
01000000110000001100100000000000
01100001110011101100110000000000
01000101100000011100000000000000
01000001110000000000000000000000
00000100000001000000000000000000
01000001110000000000100000000000
00000100000000010111111111111111
01000001101000010100111111111111
01000000001000000000100000000000
01100101100100111010000111111111
00001001101000011010000110000010
01000001101000011010100000000000
00000000011000001011111000000000
01100101111000111010001101111111
00001001101000011010001100000010
01000001101000011010100000000000
01100100011000111010000111111111
00001001101000011010000110000010
01000001101000011010100000000000
01100101001000111010100111111111
00001001101000011010100110000010
01000001101000011010100000000000
01100100110000111010000111111111
00001001101000011010000110000010
01000001101000011010100000000000
01100101100000111010100111111111
00001001101000011010100110000010
01000001101000011010100000000000
01100100000000111010000111111111
00001001101000011010000110000010
01000001101000011010100000000000
01100101011100111010000110111111
00001001101000011010000110000010
01000001101000011010100000000000
01100100101100111010100110111111
00001001101000011010100110000010
01000001101000011010100000000000
01100101110100111010000110111111
00001001101000011010000110000010
01000001101000011010100000000000
01100100010100111010100110111111
00001001101000011010100110000010
01000001101000011010100000000000
00000100000010001011111111111111
01000000100000000000000000000000
01000001100000000000000000000000
01000000010000000000000000000000
01000001010000000000000000000000
01000000110000000000010101111110
01000000001000000000100000000000
01100001110011101100110000000000
01000101100000011100000000000000
01000001110000000000000000000000
00000100000001000000000000000000
01000001110000000000100000000000
01000000100100000000001111000000
01000001100100000000000110000000
01000000010100000000011101101000
01000001010100000000100001110000
01101001010110010101001000000000
01000000110100000000110001010100
01101000110110001101111000000000
01000001110100000000111100000000
01101001110110011101011100000000
01000001110100011101111001100100
01101001110110011101111000000000
01000000001100000000111110000000
01000001001100000000011110000000
01000000101100000000001110000000
01000001011100000000000000000000
01010100111100000000000000000000
00001001111100001111101110000010
01000001011100001111000000000000
01100101001000111111111010000000
00001001111100011111011010000010
01000000110000001100100000000000
01100001110011101100110000000000
01000101100000011100000000000000
01000001110000000000000000000000
00000100000001000000000000000000
01000001110000000000100000000000
00000100000000011111111111111111
01100100010000111111011010000000
00001001111100011111011010000010
01000001010000010100100000000000
00000100000010111111111111111111
01100100010000111111101010000000
00001001111100011111101010000010
01000000010000000100100000000000
00000100000010111111111111111111
01100100010000111111010010000000
00001001111100011111010010000010
01000001100000011000100000000000
00000100000010111111111111111111
00000000100000001000111110000000
01000001111100000000000000000000
01010100111100000000000000000000
00001001111100001111101110000010
01000001011100001111000000000000
01000101011100011111000001111111
01000001111100011111111111111111
00000100000010000000000000000000
00100100011110001000010011111111
01000000100000000000000000000000
01000001100000011000100000000000
00100101001110011000010011111111
01000001100000000000000000000000
01000000010000000100100000000000
00100100110110000100110011111111
01000000010000000000000000000000
01000001010000010100100000000000
00000100000000110000000000000000
00000000101000000101111000000000
00100101000110010100010101111111
01000001010000000000100000000000
01000000001000000000100000000000
01000000110000001100100000000000
01100001110011101100110000000000
01000101100000011100000000000000
01000001110000000000000000000000
00000100000001000000000000000000
01000001110000000000100000000000
00000100000000010111111111111111
01000001101000010100111111111111
01000000001000000000100000000000
01100101100100111010000111111111
00001001101000011010000110000010
01000001101000011010100000000000
00000000011000001011111000000000
01100101111000111010001101111111
00001001101000011010001100000010
01000001101000011010100000000000
01000001000000000000000010100000
01000000100000000000001000000000
00111001010000010000010001000000
00101001100010010000010000000000
01011000010010110000100000000000
01000001000000000000010100000000
01000000100000000000100100000000
00000100010010100000000000000000
00110001100000110000010000000000
01000101100000010000010000000000
00000001000000000000010000000000
01000100100000010000010000000000
01000000100000000000000001000000
01000001000000000000010101000000
11111111111111111111111111111111
01000001000000000000000010100000
01000000100000000000001000000000
00111001010000010000010001000000
00011001100010110000010000000000
01000000100000000000100100000000
00110001100000110000010000000000
01000101100000010000010000000000
00000001000000000000010000000000
01000100100000010000010000000000
01000000100000000000000001000000
01000001000000000000010101000000
00100111111111111111111111111111
00100111111111111111111111111111
00100111111111111111111111111111
00100111111111111111111111111111
00100111111111111111111111111111
00100111111111111111111111111111
00100111111111111111111111111111
00100111111111111111111111111111
00100111111111111111111111111111
00100111111111111111111111111111
00100111111111111111111111111111
00100111111111111111111111111111
00100111111111111111111111111111
00100111111111111111111111111111
00100111111111111111111111111111
00100111111111111111111111111111
00100111111111111111111111111111
00100111111111111111111111111111
00100111111111111111111111111111
00100111111111111111111111111111
00100111111111111111111111111111
00100111111111111111111111111111
00100111111111111111111111111111
00100111111111111111111111111111
00100111111111111111111111111111
00100111111111111111111111111111
00100111111111111111111111111111
00100111111111111111111111111111
00100111111111111111111111111111
00100111111111111111111111111111
00100111111111111111111111111111
00100111111111111111111111111111
00100111111111111111111111111111
00100111111111111111111111111111
00100111111111111111111111111111
00100111111111111111111111111111
00100111111111111111111111111111
00100111111111111111111111111111
00100111111111111111111111111111
00100111111111111111111111111111
00100111111111111111111111111111
00100111111111111111111111111111
00100111111111111111111111111111
00100111111111111111111111111111
00100111111111111111111111111111
00100111111111111111111111111111
00100111111111111111111111111111
00100111111111111111111111111111
00100111111111111111111111111111
00100111111111111111111111111111
00100111111111111111111111111111
00100111111111111111111111111111
00100111111111111111111111111111
00100111111111111111111111111111
00100111111111111111111111111111
00100111111111111111111111111111
00100111111111111111111111111111
00100111111111111111111111111111
00100111111111111111111111111111
00100111111111111111111111111111
00100111111111111111111111111111
00100111111111111111111111111111
00100111111111111111111111111111
00100111111111111111111111111111
00100111111111111111111111111111
00100111111111111111111111111111
00100111111111111111111111111111
00100111111111111111111111111111
00100111111111111111111111111111
00100111111111111111111111111111
00100111111111111111111111111111
00100111111111111111111111111111
00100111111111111111111111111111
00100111111111111111111111111111
00100111111111111111111111111111
00100111111111111111111111111111
00100111111111111111111111111111
00100111111111111111111111111111
00100111111111111111111111111111
00100111111111111111111111111111
00100111111111111111111111111111
00100111111111111111111111111111
00100111111111111111111111111111
00100111111111111111111111111111
00100111111111111111111111111111
00100111111111111111111111111111
00100111111111111111111111111111
00100111111111111111111111111111
00100111111111111111111111111111
00100111111111111111111111111111
00100111111111111111111111111111
00100111111111111111111111111111
00100111111111111111111111111111
00100111111111111111111111111111
00100111111111111111111111111111
00100111111111111111111111111111
00100111111111111111111111111111
00100111111111111111111111111111
00100111111111111111111111111111
00100111111111111111111111111111
00100111111111111111111111111111
00100111111111111111111111111111
00100111111111111111111111111111
00100111111111111111111111111111
00100111111111111111111111111111
00100111111111111111111111111111
00100111111111111111111111111111
00100111111111111111111111111111
00100111111111111111111111111111
00100111111111111111111111111111
00100111111111111111111111111111
00100111111111111111111111111111
00100111111111111111111111111111
00100111111111111111111111111111
00100111111111111111111111111111
00100111111111111111111111111111
00100111111111111111111111111111
00100111111111111111111111111111
00100111111111111111111111111111
00100111111111111111111111111111
00100111111111111111111111111111
00100111111111111111111111111111
00100111111111111111111111111111
00100111111111111111111111111111
00100111111111111111111111111111
00100111111111111111111111111111
00100111111111111111111111111111
00100111111111111111111111111111
00100111111111111111111111111111
00100111111111111111111111111111
00100111111111111111111111111111
00100111111111111111111111111111
00100111111111111111111111111111
00100111111111111111111111111111
00100111111111111111111111111111
00100111111111111111111111111111
00100111111111111111111111111111
00100111111111111111111111111111
00100111111111111111111111111111
00100111111111111111111111111111
00100111111111111111111111111111
00100111111111111111111111111111
00100111111111111111111111111111
00100111111111111111111111111111
00100111111111111111111111111111
00100111111111111111111111111111
00100111111111111111111111111111
00100111111111111111111111111111
00100111111111111111111111111111
00100111111111111111111111111111
00100111111111111111111111111111
00100111111111111111111111111111
00100111111111111111111111111111
00100111111111111111111111111111
00100111111111111111111111111111
00100111111111111111111111111111
00100111111111111111111111111111
00100111111111111111111111111111
00100111111111111111111111111111
00100111111111111111111111111111
00100111111111111111111111111111
00100111111111111111111111111111
00100111111111111111111111111111
00100111111111111111111111111111
00100111111111111111111111111111
00100111111111111111111111111111
00100111111111111111111111111111
00100111111111111111111111111111
00100111111111111111111111111111
00100111111111111111111111111111
00100111111111111111111111111111
00100111111111111111111111111111
00100111111111111111111111111111
00100111111111111111111111111111
00100111111111111111111111111111
00100111111111111111111111111111
00100111111111111111111111111111
00100111111111111111111111111111
00100111111111111111111111111111
00100111111111111111111111111111
00100111111111111111111111111111
00100111111111111111111111111111
00100111111111111111111111111111
00100111111111111111111111111111
00100111111111111111111111111111
00100111111111111111111111111111
00100111111111111111111111111111
00100111111111111111111111111111
00100111111111111111111111111111
00100111111111111111111111111111
00100111111111111111111111111111
00100111111111111111111111111111
00100111111111111111111111111111
00100111111111111111111111111111
00100111111111111111111111111111
00100111111111111111111111111111
00100111111111111111111111111111
00100111111111111111111111111111
00100111111111111111111111111111
00100111111111111111111111111111
00100111111111111111111111111111
00100111111111111111111111111111
00100111111111111111111111111111
00100111111111111111111111111111
00100111111111111111111111111111
00100111111111111111111111111111
00100111111111111111111111111111
00100111111111111111111111111111
00100111111111111111111111111111
00100111111111111111111111111111
00100111111111111111111111111111
00100111111111111111111111111111
00100111111111111111111111111111
00100111111111111111111111111111
00100111111111111111111111111111
00100111111111111111111111111111
00100111111111111111111111111111
00100111111111111111111111111111
00100111111111111111111111111111
00100111111111111111111111111111
00100111111111111111111111111111
00100111111111111111111111111111
00100111111111111111111111111111
00100111111111111111111111111111
00100111111111111111111111111111
00100111111111111111111111111111
00100111111111111111111111111111
00100111111111111111111111111111
00100111111111111111111111111111
00100111111111111111111111111111
00100111111111111111111111111111
00100111111111111111111111111111
00100111111111111111111111111111
00100111111111111111111111111111
00100111111111111111111111111111
00100111111111111111111111111111
00100111111111111111111111111111
00100111111111111111111111111111
00100111111111111111111111111111
00100111111111111111111111111111
00100111111111111111111111111111
00100111111111111111111111111111
00100111111111111111111111111111
00100111111111111111111111111111
00100111111111111111111111111111
00100111111111111111111111111111
00100111111111111111111111111111
00100111111111111111111111111111